[achieving higher heights.jpg]
moddate=58a1498291bbd201
width=300
height=248
text=2;150;28;At Kendra, we work together,;Lao UI;0.064374,0.081037,0.061111,0.000000;v1,4278190080,4278190080,128.000000,1.000000,0.000000,1.000000,400,0,49152;;149;26;to achieve higher heights.;Chiller;0.301628,0.754392,0.100000,0.000000;v1,4278190080,4278190080,128.000000,1.000000,0.121495,1.000000,400,2,49152;;
textactive=1
